,연령대코드(AGRDE_CD),거주인구_수(RSPOP_CNT),시군구명(CTY_NM)
0,1014,24.0,금천구
59,1519,583.0,금천구
32,1519,959.0,광진구
318,1519,585.0,광진구
482,1014,367.0,광진구
38,1519,449.0,동대문구
262,1014,319.0,동대문구
337,1014,522.0,동대문구
394,1519,109.0,동대문구
65,1014,581.0,송파구
212,1014,802.0,송파구
224,1014,430.0,송파구
243,1014,15.0,송파구
88,1014,814.0,강서구
94,1014,986.0,강서구
195,1014,427.0,동작구
343,1014,626.0,동작구
257,1014,348.0,관악구
18,1519,1118.0,마포구
281,1519,231.0,마포구
319,1014,220.0,양천구
440,1519,1838.0,용산구
377,1014,39.0,노원구
491,1519,31.0,노원구
250,1014,646.0,은평구
362,1519,104.0,은평구
418,1014,1039.0,은평구
227,1014,184.0,성북구
359,1014,112.0,성북구
477,1014,650.0,성북구
375,1519,722.0,구로구
133,1519,1.0,도봉구
171,1519,421.0,도봉구
239,1519,1408.0,도봉구
241,1014,12.0,도봉구
285,1519,689.0,도봉구
402,1519,99.0,도봉구
412,1519,1714.0,도봉구
481,1014,1310.0,도봉구
128,1519,969.0,중구
189,1519,133.0,중구
233,1014,1051.0,중구
34,1014,768.0,영등포구
405,1014,5.0,영등포구
295,1519,565.0,종로구
357,1014,489.0,종로구
114,1519,508.0,중랑구
123,1519,436.0,서대문구
351,1519,1048.0,서대문구
83,1014,591.0,강동구
201,1014,772.0,강북구
192,1519,37.0,강남구
427,1519,284.0,강남구
